# unix_time, cycles_done, cur_path, paths_total, pending_total, pending_favs, map_size, unique_crashes, unique_hangs, max_depth, execs_per_sec, valid_inputs, invalid_inputs, valid_cov
1590236412, 0, 0, 0, 0, 0, 0.00%, 1, 0, 0, 0.09, 0, 1, 0.00%
1590236412, 0, 0, 0, 0, 0, 0.00%, 2, 0, 0, 3.33, 0, 2, 0.00%
1590236412, 0, 0, 0, 0, 0, 0.00%, 4, 0, 0, 6.15, 0, 4, 0.00%
1590236412, 0, 0, 0, 0, 0, 0.00%, 6, 0, 0, 16.50, 0, 9, 0.00%
1590236413, 0, 0, 0, 0, 0, 0.00%, 7, 0, 0, 52.98, 0, 25, 0.00%
1590236413, 0, 0, 0, 0, 0, 0.00%, 7, 0, 0, 55.74, 0, 42, 0.00%
1590236413, 0, 0, 0, 0, 0, 0.00%, 7, 0, 0, 66.67, 0, 62, 0.00%
1590236414, 0, 0, 0, 0, 0, 0.00%, 7, 0, 0, 68.66, 0, 85, 0.00%
1590236414, 0, 0, 0, 0, 0, 0.00%, 7, 0, 0, 54.84, 0, 102, 0.00%
1590236414, 0, 0, 0, 0, 0, 0.00%, 7, 0, 0, 77.92, 0, 126, 0.00%
1590236415, 0, 0, 0, 0, 0, 0.00%, 7, 0, 0, 106.31, 0, 158, 0.00%
1590236415, 0, 0, 0, 0, 0, 0.00%, 7, 0, 0, 87.66, 0, 185, 0.00%
1590236415, 0, 0, 0, 0, 0, 0.00%, 7, 0, 0, 122.19, 0, 223, 0.00%
1590236416, 0, 0, 0, 0, 0, 0.00%, 7, 0, 0, 102.99, 0, 254, 0.00%
1590236416, 0, 0, 0, 0, 0, 0.00%, 7, 0, 0, 84.14, 0, 280, 0.00%
1590236416, 0, 0, 0, 0, 0, 0.00%, 7, 0, 0, 124.18, 0, 318, 0.00%
1590236416, 0, 0, 0, 0, 0, 0.00%, 7, 0, 0, 127.45, 0, 357, 0.00%
1590236417, 0, 0, 0, 0, 0, 0.00%, 7, 0, 0, 104.58, 0, 389, 0.00%
1590236417, 0, 0, 0, 0, 0, 0.00%, 7, 0, 0, 132.01, 0, 429, 0.00%
1590236417, 0, 0, 0, 0, 0, 0.00%, 7, 0, 0, 120.52, 0, 466, 0.00%
1590236418, 0, 0, 0, 0, 0, 0.00%, 7, 0, 0, 121.71, 0, 503, 0.00%
1590236418, 0, 0, 0, 0, 0, 0.00%, 7, 0, 0, 134.43, 0, 544, 0.00%
1590236418, 0, 0, 0, 0, 0, 0.00%, 7, 0, 0, 142.86, 0, 587, 0.00%
