# unix_time, unique_crashes, total_cov, valid_cov, total_inputs, valid_inputs, valid_paths, valid_branch_sets, unique_valid_inputs
1602125495, 0, 3901, 3901, 1, 1, 1, 1, 1
1602125496, 0, 4982, 4982, 10, 10, 4, 4, 5
1602125496, 0, 5433, 5433, 18, 18, 8, 8, 9
1602125496, 0, 5464, 5464, 30, 30, 12, 11, 13
1602125497, 0, 5464, 5464, 40, 40, 12, 11, 13
1602125497, 0, 5464, 5464, 51, 51, 12, 11, 13
1602125497, 0, 5464, 5464, 62, 62, 12, 11, 13
1602125498, 0, 5464, 5464, 72, 72, 12, 11, 13
1602125498, 0, 5464, 5464, 85, 85, 12, 11, 13
1602125498, 0, 5464, 5464, 96, 96, 12, 11, 13
1602125499, 0, 5464, 5464, 109, 109, 12, 11, 13
1602125499, 0, 5464, 5464, 120, 120, 12, 11, 13
1602125499, 0, 5464, 5464, 130, 130, 12, 11, 13
