# unix_time, cycles_done, cur_path, paths_total, pending_total, pending_favs, map_size, unique_crashes, unique_hangs, max_depth, execs_per_sec, valid_inputs, invalid_inputs, valid_cov
1582270729, 0, 0, 1, 0, 0, 0.01%, 0, 0, 0, 0.35, 1, 0, 0.01%
1582270730, 0, 0, 1, 0, 0, 0.01%, 0, 0, 0, 13.11, 5, 0, 0.01%
1582270730, 0, 0, 1, 0, 0, 0.01%, 0, 0, 0, 42.48, 18, 0, 0.01%
1582270730, 0, 0, 1, 0, 0, 0.01%, 0, 0, 0, 69.54, 39, 0, 0.01%
1582270730, 0, 0, 2, 0, 0, 0.01%, 0, 0, 0, 96.77, 69, 0, 0.01%
1582270731, 0, 0, 3, 0, 0, 0.01%, 0, 0, 0, 110.03, 103, 0, 0.01%
1582270731, 0, 0, 5, 0, 0, 0.01%, 0, 0, 0, 106.67, 135, 0, 0.01%
1582270731, 0, 0, 7, 0, 0, 0.01%, 0, 0, 0, 128.29, 174, 0, 0.01%
1582270732, 0, 0, 7, 0, 0, 0.01%, 0, 0, 0, 154.10, 221, 0, 0.01%
1582270732, 0, 0, 7, 0, 0, 0.01%, 0, 0, 0, 168.87, 272, 0, 0.01%
1582270732, 0, 0, 8, 0, 0, 0.01%, 0, 0, 0, 172.19, 324, 0, 0.01%
1582270733, 0, 0, 9, 0, 0, 0.01%, 0, 0, 0, 144.69, 369, 0, 0.01%
1582270733, 0, 0, 9, 0, 0, 0.01%, 0, 0, 0, 77.92, 393, 0, 0.01%
1582270733, 0, 0, 9, 0, 0, 0.01%, 0, 0, 0, 196.72, 453, 0, 0.01%
1582270734, 0, 0, 10, 0, 0, 0.01%, 0, 0, 0, 198.70, 514, 0, 0.01%
1582270734, 0, 2, 11, 0, 0, 0.01%, 0, 0, 0, 198.68, 574, 0, 0.01%
1582270734, 0, 3, 12, 0, 0, 0.01%, 0, 0, 0, 215.23, 639, 0, 0.01%
1582270734, 0, 3, 12, 0, 0, 0.01%, 0, 0, 0, 172.76, 691, 0, 0.01%
1582270735, 0, 3, 12, 0, 0, 0.01%, 0, 0, 0, 170.49, 743, 0, 0.01%
1582270735, 0, 3, 14, 0, 0, 0.01%, 0, 0, 0, 220.00, 809, 0, 0.01%
1582270735, 0, 3, 15, 0, 0, 0.01%, 0, 0, 0, 222.59, 876, 0, 0.01%
1582270736, 0, 3, 16, 0, 0, 0.01%, 0, 0, 0, 203.17, 940, 0, 0.01%
1582270736, 0, 3, 16, 0, 0, 0.01%, 0, 0, 0, 310.23, 1034, 0, 0.01%
1582270736, 0, 3, 16, 0, 0, 0.01%, 0, 0, 0, 229.24, 1103, 0, 0.01%
1582270737, 0, 3, 16, 0, 0, 0.01%, 0, 0, 0, 242.52, 1176, 0, 0.01%
1582270737, 0, 3, 16, 0, 0, 0.01%, 0, 0, 0, 236.67, 1247, 0, 0.01%
1582270737, 0, 6, 17, 0, 0, 0.02%, 0, 0, 0, 330.03, 1347, 0, 0.02%
1582270737, 0, 6, 17, 0, 0, 0.02%, 0, 0, 0, 235.29, 1419, 0, 0.02%
1582270738, 0, 6, 17, 0, 0, 0.02%, 0, 0, 0, 255.81, 1496, 0, 0.02%
1582270738, 0, 6, 17, 0, 0, 0.02%, 0, 0, 0, 256.67, 1573, 0, 0.02%
1582270738, 0, 6, 17, 0, 0, 0.02%, 1, 0, 0, 341.06, 1675, 1, 0.02%
1582270739, 0, 6, 17, 0, 0, 0.02%, 1, 0, 0, 306.93, 1768, 1, 0.02%
1582270739, 0, 6, 17, 0, 0, 0.02%, 1, 0, 0, 368.42, 1880, 1, 0.02%
1582270739, 0, 11, 18, 0, 0, 0.02%, 1, 0, 0, 443.33, 2011, 3, 0.02%
1582270740, 0, 16, 18, 0, 0, 0.02%, 1, 0, 0, 389.61, 2130, 4, 0.02%
1582270740, 0, 16, 18, 0, 0, 0.02%, 1, 0, 0, 352.16, 2231, 9, 0.02%
1582270740, 0, 16, 19, 0, 0, 0.02%, 1, 0, 0, 292.36, 2308, 20, 0.02%
1582270741, 0, 16, 20, 0, 0, 0.02%, 1, 0, 0, 196.37, 2371, 22, 0.02%
1582270741, 0, 16, 20, 0, 0, 0.02%, 1, 0, 0, 418.60, 2492, 27, 0.02%
1582270741, 0, 16, 20, 0, 0, 0.02%, 1, 0, 0, 362.13, 2597, 31, 0.02%
1582270741, 0, 16, 20, 0, 0, 0.02%, 1, 0, 0, 312.50, 2683, 40, 0.02%
1582270742, 0, 16, 20, 0, 0, 0.02%, 1, 0, 0, 358.80, 2787, 44, 0.02%
1582270742, 0, 16, 20, 0, 0, 0.02%, 1, 0, 0, 303.33, 2873, 49, 0.02%
1582270742, 0, 18, 21, 0, 0, 0.02%, 1, 0, 0, 380.00, 2979, 57, 0.02%
1582270743, 0, 18, 22, 0, 0, 0.02%, 1, 0, 0, 320.13, 3070, 63, 0.02%
1582270743, 0, 18, 23, 0, 0, 0.02%, 1, 0, 0, 408.64, 3185, 71, 0.02%
1582270743, 0, 18, 23, 0, 0, 0.02%, 1, 0, 0, 400.66, 3300, 77, 0.02%
1582270744, 0, 18, 23, 0, 0, 0.02%, 1, 0, 0, 413.33, 3416, 85, 0.02%
1582270744, 0, 18, 23, 0, 0, 0.02%, 1, 0, 0, 377.48, 3524, 91, 0.02%
1582270744, 0, 20, 24, 0, 0, 0.02%, 1, 0, 0, 456.95, 3631, 122, 0.02%
1582270744, 0, 22, 25, 0, 0, 0.02%, 1, 0, 0, 262.46, 3698, 134, 0.02%
1582270745, 0, 25, 27, 0, 0, 0.02%, 1, 0, 0, 346.67, 3791, 145, 0.02%
1582270745, 0, 28, 29, 0, 0, 0.02%, 1, 0, 0, 463.33, 3920, 155, 0.02%
1582270745, 1, 0, 29, 0, 0, 0.02%, 1, 0, 0, 375.00, 4033, 156, 0.02%
1582270746, 1, 0, 29, 0, 0, 0.02%, 1, 0, 0, 209.88, 4101, 156, 0.02%
1582270746, 1, 0, 29, 0, 0, 0.02%, 1, 0, 0, 395.35, 4220, 156, 0.02%
1582270746, 1, 3, 30, 0, 0, 0.02%, 1, 0, 0, 436.67, 4351, 156, 0.02%
1582270747, 1, 3, 30, 0, 0, 0.02%, 1, 0, 0, 425.25, 4479, 156, 0.02%
1582270747, 1, 3, 30, 0, 0, 0.02%, 1, 0, 0, 395.35, 4597, 157, 0.02%
1582270747, 1, 3, 30, 0, 0, 0.02%, 1, 0, 0, 413.33, 4721, 157, 0.02%
1582270747, 1, 5, 31, 0, 0, 0.02%, 1, 0, 0, 433.77, 4852, 157, 0.02%
1582270748, 1, 6, 31, 0, 0, 0.02%, 1, 0, 0, 450.33, 4987, 158, 0.02%
1582270748, 1, 6, 31, 0, 0, 0.02%, 1, 0, 0, 443.33, 5120, 158, 0.02%
1582270748, 1, 6, 31, 0, 0, 0.02%, 1, 0, 0, 348.84, 5225, 158, 0.02%
1582270749, 1, 6, 31, 0, 0, 0.02%, 1, 0, 0, 236.67, 5296, 158, 0.02%
1582270749, 1, 6, 31, 0, 0, 0.02%, 1, 0, 0, 249.17, 5371, 158, 0.02%
1582270749, 1, 8, 31, 0, 0, 0.02%, 1, 0, 0, 280.00, 5455, 158, 0.02%
1582270750, 1, 12, 31, 0, 0, 0.02%, 1, 0, 0, 255.74, 5533, 158, 0.02%
1582270750, 1, 15, 31, 0, 0, 0.02%, 1, 0, 0, 270.00, 5613, 159, 0.02%
1582270750, 1, 16, 31, 0, 0, 0.02%, 1, 0, 0, 268.85, 5692, 162, 0.02%
